0 0.0916069 0.438161 0.0290619 0.140303
0 0.0931462 0.421728 0.0269447 0.103452
0 0.0842724 0.44351 0.0296592 0.152178
2 0.267391 0.515863 0.0965374 0.117981
0 0.367135 0.535225 0.0327591 0.128845
0 0.573028 0.624794 0.0477072 0.266894
0 0.0826176 0.468357 0.0253472 0.115391
0 0.356562 0.550168 0.05392 0.163071
0 0.5726 0.580582 0.0463544 0.156412
0 0.025697 0.447111 0.0241228 0.10487
0 0.595003 0.541185 0.0381778 0.228376
0 0.390692 0.427038 0.0364037 0.0596177
0 0.477924 0.495077 0.0401548 0.172603
2 0.342966 0.515622 0.249829 0.119565
5 0.691543 0.440693 0.118976 0.408121
0 0.64545 0.620374 0.0796959 0.342309
0 0.047759 0.602978 0.0649334 0.279351
0 0.106153 0.686058 0.101092 0.343022
5 0.872108 0.45269 0.254738 0.512681
0 0.943729 0.743936 0.11186 0.500174
0 0.509022 0.759612 0.158694 0.466859
