0 0.0906375 0.426185 0.0203549 0.108918
0 0.0595259 0.429494 0.0179564 0.0881671
24 0.344027 0.532539 0.0310536 0.0848703
0 0.572887 0.609384 0.0458144 0.23213
0 0.621457 0.543608 0.0307091 0.231034
0 0.359151 0.550298 0.0395675 0.163996
0 0.596578 0.545543 0.0339914 0.231012
0 0.352695 0.429409 0.0196998 0.0473425
0 0.0834163 0.468616 0.0266253 0.117759
0 0.0117741 0.4652 0.0235384 0.135875
0 0.390273 0.428657 0.0352637 0.0631183
0 0.0254697 0.447925 0.0236793 0.0958853
0 0.480607 0.491827 0.0429216 0.171415
2 0.361461 0.513774 0.284754 0.12837
5 0.690973 0.441811 0.119381 0.413381
0 0.0457308 0.604055 0.0639183 0.275441
0 0.645553 0.620625 0.0798545 0.340146
0 0.107521 0.685706 0.10138 0.343238
5 0.872599 0.453203 0.253677 0.51745
0 0.943859 0.745118 0.111677 0.503302
0 0.50892 0.761599 0.156222 0.468255
